% latitude (grau decimal) longitude (grau decimal) altitude (m) 

pontos = [-22.003000347 -47.898020671 811.0;
-22.002994620 -47.898030966 811.0;
-22.002993592 -47.898044306 811.0;
-22.002992149 -47.898062997 811.0;
-22.002988868 -47.898073508 811.0;
-22.002985199 -47.898089270 811.1;
-22.002977202 -47.898096753 811.1;
-22.002971463 -47.898107061 811.1;
-22.002970656 -47.898117694 811.2;
-22.002964911 -47.898128014 811.2;
-22.002961633 -47.898138499 811.2;
-22.002958959 -47.898141003 811.2;
-22.002950327 -47.898156511 811.2;
-22.002947045 -47.898167013 811.2;
-22.002941283 -47.898177369 811.3;
-22.002940877 -47.898182700 811.3;
-22.002929948 -47.898195440 811.3;
-22.002926857 -47.898203296 811.3;
-22.002920880 -47.898216331 811.3;
-22.002919658 -47.898232350 811.3;
-22.002913840 -47.898242853 811.3;
-22.002910081 -47.898258903 811.3;
-22.002906742 -47.898269568 811.4;
-22.002905679 -47.898283078 811.4;
-22.002901909 -47.898299173 811.4;
-22.002898599 -47.898309755 811.4;
-22.002897965 -47.898317868 811.4;
-22.002894641 -47.898328496 811.4;
-22.002888167 -47.898347167 811.4;
-22.002884628 -47.898360485 811.4;
-22.002878420 -47.898376273 811.4;
-22.002877244 -47.898392203 811.4;
-22.002873779 -47.898405305 811.4;
-22.002873190 -47.898413265 811.4;
-22.002869741 -47.898426314 811.4;
-22.002866483 -47.898436726 811.4;
-22.002865909 -47.898444644 811.4;
-22.002859968 -47.898457547 811.4;
-22.002858660 -47.898475926 811.4;
-22.002857912 -47.898486418 811.4;
-22.002854097 -47.898504656 811.4;
-22.002851033 -47.898512438 811.4;
-22.002850036 -47.898525760 811.4;
-22.002848838 -47.898541746 811.4;
-22.002847841 -47.898555068 811.5;
-22.002846843 -47.898568391 811.5;
-22.002846244 -47.898576384 811.5;
-22.002850069 -47.898592491 811.5;
-22.002851570 -47.898605913 811.5;
-22.002855963 -47.898614121 811.6;
-22.002860359 -47.898622305 811.6;
-22.002876116 -47.898646515 811.7;
-22.002880552 -47.898654442 811.7;
-22.002892527 -47.898662236 811.8;
-22.002899456 -47.898670097 811.8;
-22.002911395 -47.898677769 811.8;
-22.002915265 -47.898693236 811.8;
-22.002920255 -47.898693166 811.9;
-22.002930033 -47.898695612 811.9;
-22.002941518 -47.898708340 812.0;
-22.002953347 -47.898715878 812.0;
-22.002965763 -47.898715256 812.1;
-22.002979809 -47.898725150 812.2;
-22.002994219 -47.898729547 812.2;
-22.003006142 -47.898733777 812.3;
-22.003018004 -47.898738126 812.3;
-22.003035093 -47.898736885 812.4;
-22.003049069 -47.898743956 812.5;
-22.003053915 -47.898743602 812.5;
-22.003068214 -47.898745244 812.6;
-22.003080246 -47.898744361 812.7;
-22.003087445 -47.898743833 812.7;
-22.003104180 -47.898742604 812.8;
-22.003111326 -47.898742080 812.8;
-22.003123203 -47.898741315 812.9;
-22.003136864 -47.898748954 812.9;
-22.003148510 -47.898751459 813.0;
-22.003157960 -47.898751351 813.0;
-22.003167393 -47.898751244 813.1;
-22.003179160 -47.898751109 813.2;
-22.003186209 -47.898751029 813.2;
-22.003200278 -47.898750868 813.3;
-22.003211980 -47.898750808 813.3;
-22.003219024 -47.898751057 813.4;
-22.003230754 -47.898751472 813.4;
-22.003239943 -47.898754390 813.5;
-22.003251465 -47.898757389 813.5;
-22.003279129 -47.898764775 813.7;
-22.003300625 -47.898760371 813.8;
-22.003326530 -47.898762377 814.0;
-22.003354530 -47.898756757 814.2;
-22.003368295 -47.898754047 814.3;
-22.003379575 -47.898759098 814.3;
-22.003400540 -47.898758633 814.5;
-22.003407798 -47.898760860 814.5;
-22.003428030 -47.898760773 814.7;
-22.003435157 -47.898763060 814.7;
-22.003454327 -47.898773684 814.9;
-22.003469293 -47.898777787 815.0;
-22.003480220 -47.898779115 815.1;
-22.003499112 -47.898785960 815.2;
-22.003503100 -47.898788717 815.2;
-22.003528232 -47.898790631 815.4;
-22.003540614 -47.898802373 815.5;
-22.003558273 -47.898802219 815.6;
-22.003573844 -47.898809470 815.7;
-22.003584187 -47.898807183 815.8;
-22.003602349 -47.898810368 815.9;
-22.003622733 -47.898805966 816.1;
-22.003640563 -47.898805448 816.2;
-22.003651496 -47.898806462 816.3;
-22.003669856 -47.898809262 816.5;
-22.003681316 -47.898813612 816.6;
-22.003702931 -47.898815605 816.7;
-22.003717675 -47.898819146 816.9;
-22.003738969 -47.898821232 817.0;
-22.003752170 -47.898818333 817.1;
-22.003763750 -47.898826166 817.2;
-22.003787214 -47.898824494 817.4;
-22.003808379 -47.898830249 817.6;
-22.003828930 -47.898832640 817.7;
-22.003840235 -47.898840506 817.8;
-22.003853687 -47.898840972 817.9;
-22.003874064 -47.898843333 818.0;
-22.003894361 -47.898845684 818.2;
-22.003904481 -47.898846856 818.3;
-22.003931518 -47.898851112 818.5;
-22.003947835 -47.898850956 818.6;
-22.003962720 -47.898861077 818.7;
-22.003981490 -47.898857039 818.9;
-22.003985190 -47.898859562 818.9;
-22.004008148 -47.898861241 819.0;
-22.004027362 -47.898860378 819.2;
-22.004043422 -47.898860187 819.3;
-22.004049605 -47.898858848 819.4;
-22.004063087 -47.898862481 819.5;
-22.004087525 -47.898857501 819.7;
-22.004100241 -47.898858225 819.8;
-22.004119034 -47.898857685 820.0;
-22.004138316 -47.898860320 820.1;
-22.004157024 -47.898859762 820.2;
-22.004172755 -47.898859588 820.4;
-22.004195024 -47.898861234 820.5;
-22.004207114 -47.898858569 820.6;
-22.004220214 -47.898862201 820.7;
-22.004232766 -47.898862682 820.8;
-22.004248798 -47.898865647 820.8;
-22.004261279 -47.898866144 820.9;
-22.004277219 -47.898869109 821.0;
-22.004297072 -47.898877749 821.1;
-22.004322712 -47.898885435 821.2;
-22.004344824 -47.898890453 821.3;
-22.004360035 -47.898890397 821.4;
-22.004369339 -47.898891604 821.4;
-22.004386962 -47.898887786 821.6;
-22.004393285 -47.898889653 821.6;
-22.004415650 -47.898897658 821.8;
-22.004424876 -47.898899045 821.8;
-22.004446215 -47.898901243 822.0;
-22.004457857 -47.898898961 822.0;
-22.004475304 -47.898895543 822.1;
-22.004507593 -47.898909051 822.2;
-22.004543520 -47.898912541 822.3;
-22.004559244 -47.898909258 822.4;
-22.004572216 -47.898917383 822.4;
-22.004588425 -47.898917556 822.5;
-22.004605340 -47.898921131 822.5;
-22.004625788 -47.898920316 822.6;
-22.004646104 -47.898915913 822.7;
-22.004654738 -47.898917596 822.7;
-22.004675621 -47.898920158 822.8;
-22.004700542 -47.898918194 822.9;
-22.004721823 -47.898920526 823.0;
-22.004738689 -47.898920260 823.1;
-22.004759528 -47.898919075 823.1;
-22.004776448 -47.898918728 823.2;
-22.004798392 -47.898920641 823.3;
-22.004825149 -47.898924804 823.4;
-22.004847172 -47.898923023 823.5;
-22.004869493 -47.898924570 823.5;
-22.004887402 -47.898927116 823.6;
-22.004900499 -47.898927369 823.6;
-22.004925828 -47.898924657 823.7;
-22.004942000 -47.898924195 823.8;
-22.004958134 -47.898923715 823.8;
-22.004961995 -47.898922795 823.9;
-22.004990760 -47.898925934 824.0;
-22.005003440 -47.898929533 824.0;
-22.005026542 -47.898927285 824.2;
-22.005045922 -47.898929242 824.3;
-22.005061479 -47.898932098 824.4;
-22.005088699 -47.898935277 824.6;
-22.005115047 -47.898931987 824.8;
-22.005124305 -47.898942734 824.9;
-22.005150271 -47.898939427 825.1;
-22.005162535 -47.898946043 825.2;
-22.005181426 -47.898947678 825.3;
-22.005192596 -47.898948032 825.4;
-22.005204184 -47.898951479 825.5;
-22.005218054 -47.898951207 825.6;
-22.005241429 -47.898948587 825.7;
-22.005262130 -47.898952987 825.9;
-22.005275391 -47.898952845 826.0;
-22.005284805 -47.898950515 826.1;
-22.005301529 -47.898955892 826.2;
-22.005317098 -47.898952002 826.3;
-22.005336228 -47.898950339 826.4;
-22.005342807 -47.898951831 826.5;
-22.005362163 -47.898953204 826.6;
-22.005374895 -47.898953089 826.7;
-22.005390567 -47.898958627 826.8;
-22.005408991 -47.898963455 826.9;
-22.005418249 -47.898967417 827.0;
-22.005433229 -47.898966741 827.1;
-22.005451070 -47.898965314 827.2;
-22.005459861 -47.898963058 827.3;
-22.005474980 -47.898968571 827.4;
-22.005486776 -47.898968649 827.5;
-22.005498526 -47.898968727 827.6;
-22.005519083 -47.898969596 827.7;
-22.005537346 -47.898964525 827.9;
-22.005552936 -47.898963228 828.0;
-22.005562240 -47.898960569 828.0;
-22.005571515 -47.898967308 828.0;
-22.005580744 -47.898964648 828.0;
-22.005619540 -47.898987409 828.1;
